2
535
0 "Abilio Brunini (PL-MT)"
1 "Acácio Favacho (MDB-AP)"
2 "Adail Filho (REPUBLICANOS-AM)"
3 "Adilson Barroso (PL-SP)"
4 "Adolfo Viana (PSDB-BA)"
5 "Adriana Ventura (NOVO-SP)"
6 "Adriano do Baldy (PP-GO)"
7 "Aécio Neves (PSDB-MG)"
8 "Afonso Hamm (PP-RS)"
9 "Afonso Motta (PDT-RS)"
10 "Aguinaldo Ribeiro (PP-PB)"
11 "Airton Faleiro (PT-PA)"
12 "AJ Albuquerque (PP-CE)"
13 "Alberto Fraga (PL-DF)"
14 "Alberto Mourão (MDB-SP)"
15 "Albuquerque (REPUBLICANOS-RR)"
16 "Alceu Moreira (MDB-RS)"
17 "Alencar Santana (PT-SP)"
18 "Alex Manente (CIDADANIA-SP)"
19 "Alex Santana (REPUBLICANOS-BA)"
20 "Alexandre Guimarães (MDB-TO)"
21 "Alexandre Leite (UNIÃO-SP)"
22 "Alexandre Lindenmeyer (PT-RS)"
23 "Alfredinho (PT-SP)"
24 "Alfredo Gaspar (UNIÃO-AL)"
25 "Alice Portugal (PCdoB-BA)"
26 "Aliel Machado (PV-PR)"
27 "Allan Garcês (PP-MA)"
28 "Altineu Côrtes (PL-RJ)"
29 "Aluisio Mendes (REPUBLICANOS-MA)"
30 "Amália Barros (PL-MT)"
31 "Amanda Gentil (PP-MA)"
32 "Amaro Neto (REPUBLICANOS-ES)"
33 "Amom Mandel (CIDADANIA-AM)"
34 "Ana Paula Leão (PP-MG)"
35 "Ana Paula Lima (PT-SC)"
36 "Ana Pimentel (PT-MG)"
37 "André Fernandes (PL-CE)"
38 "André Ferreira (PL-PE)"
39 "André Figueiredo (PDT-CE)"
40 "André Janones (AVANTE-MG)"
41 "Andreia Siqueira (MDB-PA)"
42 "Antônia Lúcia (REPUBLICANOS-AC)"
43 "Antonio Andrade (REPUBLICANOS-TO)"
44 "Antonio Brito (PSD-BA)"
45 "Antonio Carlos Rodrigues (PL-SP)"
46 "Antônio Doido (MDB-PA)"
47 "Any Ortiz (CIDADANIA-RS)"
48 "Arlindo Chinaglia (PT-SP)"
49 "Arnaldo Jardim (CIDADANIA-SP)"
50 "Arthur Oliveira Maia (UNIÃO-BA)"
51 "Átila Lins (PSD-AM)"
52 "Átila Lira (PP-PI)"
53 "Augusto Coutinho (REPUBLICANOS-PE)"
54 "Augusto Puppio (MDB-AP)"
55 "Aureo Ribeiro (SOLIDARIEDADE-RJ)"
56 "Bacelar (PV-BA)"
57 "Baleia Rossi (MDB-SP)"
58 "Bandeira de Mello (PSB-RJ)"
59 "Bebeto (PP-RJ)"
60 "Benedita da Silva (PT-RJ)"
61 "Benes Leocádio (UNIÃO-RN)"
62 "Beto Pereira (PSDB-MS)"
63 "Beto Preto (PSD-PR)"
64 "Beto Richa (PSDB-PR)"
65 "Bia Kicis (PL-DF)"
66 "Bibo Nunes (PL-RS)"
67 "Bohn Gass (PT-RS)"
68 "Bosco Costa (PL-SE)"
69 "Bruno Farias (AVANTE-MG)"
70 "Bruno Ganem (PODE-SP)"
71 "Cabo Gilberto Silva (PL-PB)"
72 "Camila Jara (PT-MS)"
73 "Capitão Alberto Neto (PL-AM)"
74 "Capitão Alden (PL-BA)"
75 "Capitão Augusto (PL-SP)"
76 "Carla Ayres (PT-SC)"
77 "Carla Zambelli (PL-SP)"
78 "Carlos Chiodini (MDB-SC)"
79 "Carlos Henrique Gaguim (UNIÃO-TO)"
80 "Carlos Jordy (PL-RJ)"
81 "Carlos Sampaio (PSD-SP)"
82 "Carlos Veras (PT-PE)"
83 "Carlos Zarattini (PT-SP)"
84 "Carmen Zanotto (CIDADANIA-SC)"
85 "Carol Dartora (PT-PR)"
86 "Caroline de Toni (PL-SC)"
87 "Castro Neto (PSD-PI)"
88 "Célia Xakriabá (PSOL-MG)"
89 "Célio Silveira (MDB-GO)"
90 "Célio Studart (PSD-CE)"
91 "Celso Russomanno (REPUBLICANOS-SP)"
92 "Cezinha de Madureira (PSD-SP)"
93 "Charles Fernandes (PSD-BA)"
94 "Chico Alencar (PSOL-RJ)"
95 "Chris Tonietto (PL-RJ)"
96 "Clarissa Tércio (PP-PE)"
97 "Claudio Cajado (PP-BA)"
98 "Cleber Verde (MDB-MA)"
99 "Clodoaldo Magalhães (PV-PE)"
100 "Cobalchini (MDB-SC)"
101 "Coronel Assis (UNIÃO-MT)"
102 "Coronel Chrisóstomo (PL-RO)"
103 "Coronel Fernanda (PL-MT)"
104 "Coronel Meira (PL-PE)"
105 "Coronel Telhada (PP-SP)"
106 "Coronel Ulysses (UNIÃO-AC)"
107 "Covatti Filho (PP-RS)"
108 "Cristiane Lopes (UNIÃO-RO)"
109 "Da Vitoria (PP-ES)"
110 "Dagoberto Nogueira (PSDB-MS)"
111 "Daiana Santos (PCdoB-RS)"
112 "Dal Barreto (UNIÃO-BA)"
113 "Damião Feliciano (UNIÃO-PB)"
114 "Dandara (PT-MG)"
115 "Dani Cunha (UNIÃO-RJ)"
116 "Daniel Agrobom (PL-GO)"
117 "Daniel Almeida (PCdoB-BA)"
118 "Daniel Barbosa (PP-AL)"
119 "Daniel Freitas (PL-SC)"
120 "Daniel Trzeciak (PSDB-RS)"
121 "Daniela do Waguinho (UNIÃO-RJ)"
122 "Daniela Reinehr (PL-SC)"
123 "Danilo Forte (UNIÃO-CE)"
124 "Darci de Matos (PSD-SC)"
125 "David Soares (UNIÃO-SP)"
126 "Dayany Bittencourt (UNIÃO-CE)"
127 "Defensor Stélio Dener (REPUBLICANOS-RR)"
128 "Delegada Adriana Accorsi (PT-GO)"
129 "Delegada Ione (AVANTE-MG)"
130 "Delegada Katarina (PSD-SE)"
131 "Delegado Bruno Lima (PP-SP)"
132 "Delegado Caveira (PL-PA)"
133 "Delegado da Cunha (PP-SP)"
134 "Delegado Éder Mauro (PL-PA)"
135 "Delegado Fabio Costa (PP-AL)"
136 "Delegado Marcelo Freitas (UNIÃO-MG)"
137 "Delegado Matheus Laiola (UNIÃO-PR)"
138 "Delegado Palumbo (MDB-SP)"
139 "Delegado Paulo Bilynskyj (PL-SP)"
140 "Delegado Ramagem (PL-RJ)"
141 "Délio Pinheiro (PDT-MG)"
142 "Denise Pessôa (PT-RS)"
143 "Detinha (PL-MA)"
144 "Diego Andrade (PSD-MG)"
145 "Diego Coronel (PSD-BA)"
146 "Diego Garcia (REPUBLICANOS-PR)"
147 "Dilceu Sperafico (PP-PR)"
148 "Dilvanda Faro (PT-PA)"
149 "Dimas Fabiano (PP-MG)"
150 "Dimas Gadelha (PT-RJ)"
151 "Domingos Neto (PSD-CE)"
152 "Domingos Sávio (PL-MG)"
153 "Dorinaldo Malafaia (PDT-AP)"
154 "Douglas Viegas (UNIÃO-SP)"
155 "Doutor Luizinho (PP-RJ)"
156 "Dr Flávio (PL-RJ)"
157 "Dr. Benjamim (UNIÃO-MA)"
158 "Dr. Daniel Soranz (PSD-RJ)"
159 "Dr. Fernando Máximo (UNIÃO-RO)"
160 "Dr. Francisco (PT-PI)"
161 "Dr. Frederico (PRD-MG)"
162 "Dr. Gonçalo (PODE-MA)"
163 "Dr. Ismael Alexandrino (PSD-GO)"
164 "Dr. Jaziel (PL-CE)"
165 "Dr. Luiz Ovando (PP-MS)"
166 "Dr. Remy Soares (PP-MA)"
167 "Dr. Victor Linhalis (PODE-ES)"
168 "Dr. Zacharias Calil (UNIÃO-GO)"
169 "Dra. Alessandra Haber (MDB-PA)"
170 "Dra. Mayra Pinheiro (PL-CE)"
171 "Duarte Gonçalves Jr (REPUBLICANOS-MG)"
172 "Duarte Jr. (PSB-MA)"
173 "Duda Ramos (MDB-RR)"
174 "Duda Salabert (PDT-MG)"
175 "Eduardo Bismarck (PDT-CE)"
176 "Eduardo Bolsonaro (PL-SP)"
177 "Eduardo da Fonte (PP-PE)"
178 "Eduardo Velloso (UNIÃO-AC)"
179 "Elcione Barbalho (MDB-PA)"
180 "Eli Borges (PL-TO)"
181 "Ely Santos (REPUBLICANOS-SP)"
182 "Emanuel Pinheiro Neto (MDB-MT)"
183 "Emidinho Madeira (PL-MG)"
184 "Eriberto Medeiros (PSB-PE)"
185 "Erika Hilton (PSOL-SP)"
186 "Erika Kokay (PT-DF)"
187 "Eros Biondini (PL-MG)"
188 "Euclydes Pettersen (REPUBLICANOS-MG)"
189 "Eunício Oliveira (MDB-CE)"
190 "Evair Vieira de Melo (PP-ES)"
191 "Fábio Henrique (UNIÃO-SE)"
192 "Fábio Macedo (PODE-MA)"
193 "Fabio Schiochet (UNIÃO-SC)"
194 "Fábio Teruel (MDB-SP)"
195 "Fausto Jr. (UNIÃO-AM)"
196 "Fausto Pinato (PP-SP)"
197 "Felipe Carreras (PSB-PE)"
198 "Felipe Francischini (UNIÃO-PR)"
199 "Félix Mendonça Júnior (PDT-BA)"
200 "Fernanda Melchionna (PSOL-RS)"
201 "Fernanda Pessoa (UNIÃO-CE)"
202 "Fernando Coelho Filho (UNIÃO-PE)"
203 "Fernando Mineiro (PT-RN)"
204 "Fernando Monteiro (PP-PE)"
205 "Fernando Rodolfo (PL-PE)"
206 "Filipe Barros (PL-PR)"
207 "Filipe Martins (PL-TO)"
208 "Flávia Morais (PDT-GO)"
209 "Flávio Nogueira (PT-PI)"
210 "Florentino Neto (PT-PI)"
211 "Franciane Bayer (REPUBLICANOS-RS)"
212 "Fred Costa (PRD-MG)"
213 "Fred Linhares (REPUBLICANOS-DF)"
214 "Gabriel Mota (REPUBLICANOS-RR)"
215 "Gabriel Nunes (PSD-BA)"
216 "General Girão (PL-RN)"
217 "General Pazuello (PL-RJ)"
218 "Geovania de Sá (PSDB-SC)"
219 "Geraldo Resende (PSDB-MS)"
220 "Gerlen Diniz (PP-AC)"
221 "Gervásio Maia (PSB-PB)"
222 "Giacobo (PL-PR)"
223 "Gilberto Abramo (REPUBLICANOS-MG)"
224 "Gilson Daniel (PODE-ES)"
225 "Gilson Marques (NOVO-SC)"
226 "Gilvan da Federal (PL-ES)"
227 "Gilvan Maximo (REPUBLICANOS-DF)"
228 "Giovani Cherini (PL-RS)"
229 "Gisela Simona (UNIÃO-MT)"
230 "Glauber Braga (PSOL-RJ)"
231 "Gláucia Santiago (PL-MG)"
232 "Glaustin da Fokus (PODE-GO)"
233 "Gleisi Hoffmann (PT-PR)"
234 "Greyce Elias (AVANTE-MG)"
235 "Guilherme Boulos (PSOL-SP)"
236 "Guilherme Uchoa (PSB-PE)"
237 "Gustavo Gayer (PL-GO)"
238 "Gustinho Ribeiro (REPUBLICANOS-SE)"
239 "Gutemberg Reis (MDB-RJ)"
240 "Heitor Schuch (PSB-RS)"
241 "Helder Salomão (PT-ES)"
242 "Helena Lima (MDB-RR)"
243 "Hélio Leite (UNIÃO-PA)"
244 "Helio Lopes (PL-RJ)"
245 "Henderson Pinto (MDB-PA)"
246 "Hercílio Coelho Diniz (MDB-MG)"
247 "Hildo Rocha (MDB-MA)"
248 "Hugo Leal (PSD-RJ)"
249 "Hugo Motta (REPUBLICANOS-PB)"
250 "Icaro de Valmir (PL-SE)"
251 "Idilvan Alencar (PDT-CE)"
252 "Igor Timo (PSD-MG)"
253 "Ismael (PSD-SC)"
254 "Isnaldo Bulhões Jr. (MDB-AL)"
255 "Ivan Valente (PSOL-SP)"
256 "Ivoneide Caetano (PT-BA)"
257 "Iza Arruda (MDB-PE)"
258 "Jack Rocha (PT-ES)"
259 "Jadyel Alencar (REPUBLICANOS-PI)"
260 "Jandira Feghali (PCdoB-RJ)"
261 "Jeferson Rodrigues (REPUBLICANOS-GO)"
262 "Jefferson Campos (PL-SP)"
263 "Jilmar Tatto (PT-SP)"
264 "João Carlos Bacelar (PL-BA)"
265 "João Daniel (PT-SE)"
266 "João Leão (PP-BA)"
267 "João Maia (PP-RN)"
268 "Joaquim Passarinho (PL-PA)"
269 "Jonas Donizette (PSB-SP)"
270 "Jorge Braz (REPUBLICANOS-RJ)"
271 "Jorge Goetten (REPUBLICANOS-SC)"
272 "Jorge Solla (PT-BA)"
273 "José Airton Félix Cirilo (PT-CE)"
274 "José Guimarães (PT-CE)"
275 "José Medeiros (PL-MT)"
276 "José Nelto (UNIÃO-GO)"
277 "José Priante (MDB-PA)"
278 "José Rocha (UNIÃO-BA)"
279 "Joseildo Ramos (PT-BA)"
280 "Josenildo (PDT-AP)"
281 "Josias Gomes (PT-BA)"
282 "Josimar Maranhãozinho (PL-MA)"
283 "Josivaldo JP (PSD-MA)"
284 "Juarez Costa (MDB-MT)"
285 "Julia Zanatta (PL-SC)"
286 "Juliana Cardoso (PT-SP)"
287 "Juliana Kolankiewicz (MDB-MT)"
288 "Julio Arcoverde (PP-PI)"
289 "Júlio Cesar (PSD-PI)"
290 "Julio Cesar Ribeiro (REPUBLICANOS-DF)"
291 "Julio Lopes (PP-RJ)"
292 "Júlio Oliveira (PP-TO)"
293 "Juninho do Pneu (UNIÃO-RJ)"
294 "Junio Amaral (PL-MG)"
295 "Júnior Ferrari (PSD-PA)"
296 "Junior Lourenço (PL-MA)"
297 "Júnior Mano (PL-CE)"
298 "Keniston Braga (MDB-PA)"
299 "Kiko Celeguim (PT-SP)"
300 "Kim Kataguiri (UNIÃO-SP)"
301 "Lafayette de Andrada (REPUBLICANOS-MG)"
302 "Laura Carneiro (PSD-RJ)"
303 "Lázaro Botelho (PP-TO)"
304 "Lebrão (UNIÃO-RO)"
305 "Lêda Borges (PSDB-GO)"
306 "Leo Prates (PDT-BA)"
307 "Leonardo Monteiro (PT-MG)"
308 "Leônidas Cristino (PDT-CE)"
309 "Leur Lomanto Júnior (UNIÃO-BA)"
310 "Lídice da Mata (PSB-BA)"
311 "Lincoln Portela (PL-MG)"
312 "Lindbergh Farias (PT-RJ)"
313 "Lucas Ramos (PSB-PE)"
314 "Lucas Redecker (PSDB-RS)"
315 "Luciano Alves (PSD-PR)"
316 "Luciano Amaral (PV-AL)"
317 "Luciano Azevedo (PSD-RS)"
318 "Luciano Ducci (PSB-PR)"
319 "Luciano Vieira (REPUBLICANOS-RJ)"
320 "Lucio Mosquini (MDB-RO)"
321 "Luis Carlos Gomes (REPUBLICANOS-RJ)"
322 "Luis Tibé (AVANTE-MG)"
323 "Luisa Canziani (PSD-PR)"
324 "Luiz Carlos Busato (UNIÃO-RS)"
325 "Luiz Carlos Hauly (PODE-PR)"
326 "Luiz Carlos Motta (PL-SP)"
327 "Luiz Couto (PT-PB)"
328 "Luiz Fernando Faria (PSD-MG)"
329 "Luiz Gastão (PSD-CE)"
330 "Luiz Lima (PL-RJ)"
331 "Luiz Nishimori (PSD-PR)"
332 "Luiz Philippe de Orleans e Bragança (PL-SP)"
333 "Luiza Erundina (PSOL-SP)"
334 "Luizianne Lins (PT-CE)"
335 "Lula da Fonte (PP-PE)"
336 "Magda Mofatto (PRD-GO)"
337 "Marangoni (UNIÃO-SP)"
338 "Marcel van Hattem (NOVO-RS)"
339 "Marcelo Álvaro Antônio (PL-MG)"
340 "Marcelo Crivella (REPUBLICANOS-RJ)"
341 "Marcelo Moraes (PL-RS)"
342 "Marcelo Queiroz (PP-RJ)"
343 "Marcio Alvino (PL-SP)"
344 "Márcio Biolchi (MDB-RS)"
345 "Márcio Honaiser (PDT-MA)"
346 "Márcio Jerry (PCdoB-MA)"
347 "Márcio Marinho (REPUBLICANOS-BA)"
348 "Marco Brasil (PP-PR)"
349 "Marcon (PT-RS)"
350 "Marcos Aurélio Sampaio (PSD-PI)"
351 "Marcos Pereira (REPUBLICANOS-SP)"
352 "Marcos Pollon (PL-MS)"
353 "Marcos Soares (UNIÃO-RJ)"
354 "Marcos Tavares (PDT-RJ)"
355 "Maria Arraes (SOLIDARIEDADE-PE)"
356 "Maria do Rosário (PT-RS)"
357 "Maria Rosas (REPUBLICANOS-SP)"
358 "Mario Frias (PL-SP)"
359 "Mário Heringer (PDT-MG)"
360 "Mário Negromonte Jr. (PP-BA)"
361 "Marreca Filho (PRD-MA)"
362 "Marussa Boldrin (MDB-GO)"
363 "Marx Beltrão (PP-AL)"
364 "Matheus Noronha (PL-CE)"
365 "Maurício Carvalho (UNIÃO-RO)"
366 "Mauricio do Vôlei (PL-MG)"
367 "Mauricio Marcon (PODE-RS)"
368 "Mauricio Neves (PP-SP)"
369 "Mauro Benevides Filho (PDT-CE)"
370 "Max Lemos (PDT-RJ)"
371 "Meire Serafim (UNIÃO-AC)"
372 "Mendonça Filho (UNIÃO-PE)"
373 "Merlong Solano (PT-PI)"
374 "Mersinho Lucena (PP-PB)"
375 "Messias Donato (REPUBLICANOS-ES)"
376 "Michele Collins (PP-PE)"
377 "Miguel Ângelo (PT-MG)"
378 "Miguel Lombardi (PL-SP)"
379 "Misael Varella (PSD-MG)"
380 "Moses Rodrigues (UNIÃO-CE)"
381 "Murillo Gouvea (UNIÃO-RJ)"
382 "Murilo Galdino (REPUBLICANOS-PB)"
383 "Natália Bonavides (PT-RN)"
384 "Nelson Barbudo (PL-MT)"
385 "Nely Aquino (PODE-MG)"
386 "Neto Carletto (PP-BA)"
387 "Newton Bonin (UNIÃO-PR)"
388 "Newton Cardoso Jr (MDB-MG)"
389 "Nicoletti (UNIÃO-RR)"
390 "Nikolas Ferreira (PL-MG)"
391 "Nilto Tatto (PT-SP)"
392 "Nitinho (PSD-SE)"
393 "Odair Cunha (PT-MG)"
394 "Olival Marques (MDB-PA)"
395 "Orlando Silva (PCdoB-SP)"
396 "Osmar Terra (MDB-RS)"
397 "Ossesio Silva (REPUBLICANOS-PE)"
398 "Otoni de Paula (MDB-RJ)"
399 "Otto Alencar Filho (PSD-BA)"
400 "Padovani (UNIÃO-PR)"
401 "Padre João (PT-MG)"
402 "Pastor Diniz (UNIÃO-RR)"
403 "Pastor Eurico (PL-PE)"
404 "Pastor Gil (PL-MA)"
405 "Pastor Henrique Vieira (PSOL-RJ)"
406 "Pastor Sargento Isidório (AVANTE-BA)"
407 "Patrus Ananias (PT-MG)"
408 "Pauderney Avelino (UNIÃO-AM)"
409 "Paulão (PT-AL)"
410 "Paulinho da Força (SOLIDARIEDADE-SP)"
411 "Paulinho Freire (UNIÃO-RN)"
412 "Paulo Abi-Ackel (PSDB-MG)"
413 "Paulo Alexandre Barbosa (PSDB-SP)"
414 "Paulo Azi (UNIÃO-BA)"
415 "Paulo Folletto (PSB-ES)"
416 "Paulo Freire Costa (PL-SP)"
417 "Paulo Guedes (PT-MG)"
418 "Paulo Litro (PSD-PR)"
419 "Paulo Magalhães (PSD-BA)"
420 "Pedro Aihara (PRD-MG)"
421 "Pedro Campos (PSB-PE)"
422 "Pedro Jr (PL-TO)"
423 "Pedro Lucas Fernandes (UNIÃO-MA)"
424 "Pedro Lupion (PP-PR)"
425 "Pedro Paulo (PSD-RJ)"
426 "Pedro Tourinho (PT-SP)"
427 "Pedro Uczai (PT-SC)"
428 "Pedro Westphalen (PP-RS)"
429 "Pezenti (MDB-SC)"
430 "Pinheirinho (PP-MG)"
431 "Pompeo de Mattos (PDT-RS)"
432 "Pr. Marco Feliciano (PL-SP)"
433 "Prof. Reginaldo Veras (PV-DF)"
434 "Professor Alcides (PL-GO)"
435 "Professora Goreth (PDT-AP)"
436 "Professora Luciene Cavalcante (PSOL-SP)"
437 "Rafael Brito (MDB-AL)"
438 "Rafael Prudente (MDB-DF)"
439 "Rafael Simoes (UNIÃO-MG)"
440 "Raimundo Costa (PODE-BA)"
441 "Raimundo Santos (PSD-PA)"
442 "Raniery Paulino (REPUBLICANOS-PB)"
443 "Reginaldo Lopes (PT-MG)"
444 "Reginete Bispo (PT-RS)"
445 "Reimont (PT-RJ)"
446 "Reinhold Stephanes (PSD-PR)"
447 "Renan Ferreirinha (PSD-RJ)"
448 "Renata Abreu (PODE-SP)"
449 "Renilce Nicodemos (MDB-PA)"
450 "Renildo Calheiros (PCdoB-PE)"
451 "Ricardo Ayres (REPUBLICANOS-TO)"
452 "Ricardo Guidi (PL-SC)"
453 "Ricardo Maia (MDB-BA)"
454 "Ricardo Salles (NOVO-SP)"
455 "Ricardo Silva (PSD-SP)"
456 "Robério Monteiro (PDT-CE)"
457 "Roberta Roma (PL-BA)"
458 "Roberto Duarte (REPUBLICANOS-AC)"
459 "Roberto Monteiro Pai (PL-RJ)"
460 "Robinson Faria (PL-RN)"
461 "Rodolfo Nogueira (PL-MS)"
462 "Rodrigo de Castro (UNIÃO-MG)"
463 "Rodrigo Estacho (PSD-PR)"
464 "Rodrigo Gambale (PODE-SP)"
465 "Rodrigo Valadares (UNIÃO-SE)"
466 "Rogéria Santos (REPUBLICANOS-BA)"
467 "Rogério Correia (PT-MG)"
468 "Romero Rodrigues (PODE-PB)"
469 "Ronaldo Nogueira (REPUBLICANOS-RS)"
470 "Rosana Valle (PL-SP)"
471 "Rosangela Moro (UNIÃO-SP)"
472 "Rosângela Reis (PL-MG)"
473 "Roseana Sarney (MDB-MA)"
474 "Rubens Otoni (PT-GO)"
475 "Rubens Pereira Júnior (PT-MA)"
476 "Rui Falcão (PT-SP)"
477 "Ruy Carneiro (PODE-PB)"
478 "Sâmia Bomfim (PSOL-SP)"
479 "Samuel Viana (REPUBLICANOS-MG)"
480 "Sanderson (PL-RS)"
481 "Sargento Fahur (PSD-PR)"
482 "Sargento Gonçalves (PL-RN)"
483 "Sargento Portugal (PODE-RJ)"
484 "Saullo Vianna (UNIÃO-AM)"
485 "Saulo Pedroso (PSD-SP)"
486 "Sergio Souza (MDB-PR)"
487 "Sidney Leite (PSD-AM)"
488 "Silas Câmara (REPUBLICANOS-AM)"
489 "Silvia Cristina (PP-RO)"
490 "Silvia Waiãpi (PL-AP)"
491 "Silvye Alves (UNIÃO-GO)"
492 "Simone Marquetto (MDB-SP)"
493 "Socorro Neri (PP-AC)"
494 "Sonize Barbosa (PL-AP)"
495 "Soraya Santos (PL-RJ)"
496 "Sóstenes Cavalcante (PL-RJ)"
497 "Stefano Aguiar (PSD-MG)"
498 "Tabata Amaral (PSB-SP)"
499 "Tadeu Oliveira (PL-CE)"
500 "Tadeu Veneri (PT-PR)"
501 "Talíria Petrone (PSOL-RJ)"
502 "Tarcísio Motta (PSOL-RJ)"
503 "Thiago de Joaldo (PP-SE)"
504 "Thiago Flores (REPUBLICANOS-RO)"
505 "Tião Medeiros (PP-PR)"
506 "Tiririca (PL-SP)"
507 "Toninho Wandscheer (PP-PR)"
508 "Túlio Gadêlha (REDE-PE)"
509 "Ulisses Guimarães (MDB-MG)"
510 "Valmir Assunção (PT-BA)"
511 "Vander Loubet (PT-MS)"
512 "Vermelho (PL-PR)"
513 "Vicentinho (PT-SP)"
514 "Vicentinho Júnior (PP-TO)"
515 "Vinicius Carvalho (REPUBLICANOS-SP)"
516 "Vinicius Gurgel (PL-AP)"
517 "Vitor Lippi (PSDB-SP)"
518 "Waldemar Oliveira (AVANTE-PE)"
519 "Waldenor Pereira (PT-BA)"
520 "Washington Quaquá (PT-RJ)"
521 "Weliton Prado (SOLIDARIEDADE-MG)"
522 "Wellington Roberto (PL-PB)"
523 "Welter (PT-PR)"
524 "Wilson Santiago (REPUBLICANOS-PB)"
525 "Yandra Moura (UNIÃO-SE)"
526 "Yury do Paredão (MDB-CE)"
527 "Zé Haroldo Cathedral (PSD-RR)"
528 "Zé Neto (PT-BA)"
529 "Zé Silva (SOLIDARIEDADE-MG)"
530 "Zé Trovão (PL-SC)"
531 "Zé Vitor (PL-MG)"
532 "Zeca Dirceu (PT-PR)"
533 "Zezinho Barbary (PP-AC)"
534 "Zucco (PL-RS)"
2290
0 13 95
0 38 94
0 66 99
0 103 98
0 126 95
0 134 98
0 156 100
0 190 95
0 268 97
0 275 97
0 300 89
0 375 95
0 396 98
0 403 98
0 454 96
0 457 98
0 489 94
0 490 97
0 494 96
0 512 93
0 522 98
0 534 99
1 57 97
1 195 97
1 212 97
1 249 97
1 292 100
2 223 98
2 238 98
2 249 99
2 351 99
2 473 100
3 66 100
3 96 98
3 104 99
3 116 93
3 125 86
3 152 99
3 156 100
3 183 100
3 187 99
3 207 98
3 217 99
3 228 98
3 231 100
3 311 98
3 332 97
3 341 100
3 343 99
3 358 99
3 366 99
3 378 98
3 422 97
3 424 95
3 428 90
3 429 97
3 432 99
3 434 99
3 457 100
3 491 91
3 531 92
4 7 96
4 62 90
4 64 98
4 219 94
4 305 97
4 412 97
4 413 87
5 225 98
5 300 89
5 338 97
5 352 94
5 422 94
5 530 94
6 92 94
6 303 97
6 374 98
6 386 97
6 487 89
6 514 98
6 515 98
7 64 97
7 219 92
7 305 100
7 412 100
7 517 95
8 124 90
8 156 96
8 384 91
8 410 81
8 424 91
8 455 96
9 175 95
9 208 95
9 345 97
9 354 95
9 370 98
9 447 97
9 456 100
10 57 98
10 97 97
10 131 100
10 173 98
10 177 96
10 232 96
10 291 100
10 368 98
10 371 96
10 477 96
11 48 100
11 148 100
11 150 100
11 373 100
11 426 100
11 513 100
11 519 100
12 68 100
12 155 100
12 212 100
12 247 95
12 264 98
12 292 100
12 360 99
12 430 98
12 507 95
12 533 97
13 105 94
13 156 98
13 231 97
13 384 94
14 29 95
14 181 95
14 194 86
14 238 96
14 259 95
14 261 97
15 57 100
15 166 100
15 171 91
15 195 100
15 290 99
15 351 99
16 68 89
16 162 91
16 257 88
16 455 90
16 509 89
17 23 99
17 35 100
17 160 100
17 373 99
17 426 100
18 41 88
18 99 88
18 240 91
18 415 88
18 474 89
19 29 92
19 181 93
19 188 100
19 195 94
19 212 97
20 68 97
20 212 97
20 249 98
20 292 97
20 351 97
21 55 97
21 133 95
21 144 97
21 296 97
21 359 96
21 374 100
21 388 100
21 525 95
22 67 99
22 265 100
22 272 100
22 356 100
22 426 100
23 25 99
23 35 99
23 48 100
23 60 99
23 76 97
23 150 100
23 209 99
23 263 100
23 327 98
23 373 100
23 417 100
23 426 100
23 513 100
23 520 100
23 523 100
23 528 99
24 132 94
24 170 95
24 294 95
24 389 94
24 471 97
25 56 99
25 117 100
25 210 100
25 286 98
25 346 100
25 450 100
26 186 86
26 233 86
26 265 86
26 334 86
26 444 87
27 38 92
27 84 89
27 156 89
27 231 89
27 384 92
28 75 97
28 84 94
28 152 97
28 156 100
28 217 97
28 323 89
28 326 93
28 384 100
28 402 97
29 57 98
29 195 100
29 315 97
29 319 99
29 380 98
29 515 100
30 37 97
30 122 97
30 138 100
30 416 100
30 480 100
30 489 93
31 192 98
31 254 97
31 267 98
31 291 100
31 514 98
32 68 100
32 249 100
32 292 100
32 442 97
32 466 99
32 473 100
33 84 83
33 231 84
33 384 83
33 424 83
33 455 85
34 166 89
34 287 89
34 320 88
34 384 85
34 424 90
35 148 99
35 160 99
35 281 98
35 373 99
35 426 100
36 67 99
36 82 99
36 233 100
36 312 99
36 377 100
36 426 100
36 427 100
37 77 99
37 138 99
37 161 96
37 294 97
37 389 100
37 416 98
37 480 97
38 45 91
38 105 94
38 143 94
38 282 94
38 459 93
38 497 92
38 504 91
39 153 99
39 251 91
39 306 99
39 308 98
39 435 99
39 447 97
39 456 100
40 83 99
40 233 99
40 254 98
40 274 98
40 427 99
40 443 99
40 520 100
41 57 97
41 169 96
41 246 98
41 249 98
41 259 98
41 420 95
41 473 100
42 68 97
42 214 97
42 292 97
42 351 100
42 473 100
42 488 95
43 195 100
43 227 99
43 238 99
43 321 99
43 473 100
43 515 100
44 51 95
44 87 98
44 90 88
44 92 93
44 93 98
44 130 95
44 145 100
44 151 100
44 215 100
44 276 98
44 277 97
44 295 94
44 301 97
44 302 96
44 315 97
44 319 100
44 321 98
44 392 98
44 399 97
44 425 95
44 485 95
44 526 98
45 68 89
45 162 90
45 423 90
45 430 89
46 57 100
46 155 98
46 195 100
46 249 98
46 351 98
47 65 93
47 120 93
47 218 92
47 262 96
47 294 94
47 389 94
48 118 100
48 148 100
48 150 100
48 210 100
48 263 100
48 349 98
48 393 100
48 401 100
48 417 100
48 473 100
48 474 100
48 523 100
49 202 96
49 204 96
49 264 97
49 291 97
49 325 96
49 518 97
50 115 98
50 202 99
50 212 100
50 246 98
50 250 98
50 278 99
50 304 93
50 319 98
50 344 97
50 380 100
50 381 96
50 418 93
50 448 97
51 151 96
51 215 95
51 329 96
51 473 97
51 487 92
51 520 98
52 133 91
52 195 100
52 212 97
52 368 97
52 374 99
52 514 99
53 195 100
53 212 97
53 374 97
53 473 100
53 518 96
54 68 100
54 212 100
54 249 100
54 292 100
54 449 96
54 453 97
54 473 100
54 506 94
54 509 90
55 212 100
55 291 97
55 368 97
55 380 97
55 529 95
56 117 100
56 179 99
56 186 96
56 210 100
56 401 99
56 433 96
56 450 100
57 98 100
57 115 98
57 127 98
57 146 98
57 167 100
57 181 100
57 212 100
57 213 100
57 214 100
57 223 100
57 238 100
57 239 100
57 248 94
57 252 98
57 257 100
57 271 96
57 290 100
57 304 94
57 319 100
57 344 98
57 347 99
57 348 98
57 350 98
57 351 100
57 357 93
57 362 95
57 380 100
57 382 100
57 397 100
57 438 100
57 460 99
57 466 100
57 469 92
57 505 96
57 515 100
57 526 98
58 203 95
58 233 96
58 318 95
58 359 96
58 500 95
59 68 100
59 195 100
59 196 95
59 212 100
59 292 100
59 374 100
60 148 99
60 426 100
60 473 100
60 513 100
61 68 97
61 79 90
61 250 98
61 278 95
61 309 96
61 368 96
61 414 94
62 84 91
62 324 88
62 400 87
62 412 91
62 473 87
63 89 97
63 193 91
63 301 93
63 392 91
63 486 90
64 191 91
64 292 95
64 305 96
64 412 95
65 119 97
65 132 97
65 220 85
65 225 97
65 294 98
65 332 98
65 338 96
65 352 97
66 104 99
66 156 100
66 159 96
66 187 99
66 231 100
66 244 97
66 366 99
66 376 97
66 432 99
66 457 100
67 82 99
67 114 100
67 203 100
67 241 100
67 256 100
67 263 100
67 265 100
67 272 100
67 279 100
67 286 98
67 299 100
67 377 100
67 427 100
67 500 98
68 87 100
68 91 97
68 97 97
68 98 100
68 109 97
68 181 100
68 213 100
68 214 100
68 238 100
68 239 100
68 242 97
68 252 100
68 257 100
68 259 100
68 267 100
68 270 100
68 271 97
68 288 100
68 292 100
68 298 100
68 303 100
68 335 100
68 357 95
68 360 100
68 382 100
68 386 100
68 397 100
68 460 97
68 466 100
68 505 97
68 506 94
68 507 97
68 518 100
68 529 97
69 112 98
69 113 93
69 201 97
69 293 95
69 337 95
69 399 95
69 423 96
69 448 96
70 156 98
70 195 94
70 376 97
70 422 91
70 448 91
71 95 97
71 176 98
71 231 97
71 358 99
71 457 98
72 82 99
72 85 100
72 233 99
72 265 99
72 308 97
72 426 100
73 156 98
73 205 97
73 336 97
73 339 98
73 372 88
73 384 97
73 457 97
74 139 98
74 226 98
74 285 99
74 294 100
74 352 98
74 457 99
74 530 97
74 534 98
75 156 98
75 231 100
75 287 94
75 311 97
75 376 97
75 422 97
75 457 99
76 148 97
76 355 97
76 373 97
76 391 97
77 294 98
77 358 98
77 390 98
77 457 99
77 482 98
78 109 97
78 147 95
78 157 98
78 192 100
78 289 98
78 295 96
78 363 100
78 430 97
78 486 98
78 497 92
79 250 96
79 257 92
79 448 94
79 473 92
80 95 98
80 119 97
80 206 100
80 262 98
80 285 98
80 390 99
80 482 99
80 490 97
81 183 91
81 262 91
81 384 90
81 452 94
81 491 93
82 85 100
82 241 99
82 426 100
83 85 100
83 99 96
83 233 100
83 265 100
83 274 98
83 427 100
84 323 89
84 364 92
84 384 94
84 411 91
84 458 90
84 522 91
85 203 100
85 265 100
85 272 100
85 299 100
85 377 100
85 426 100
85 443 100
85 508 89
86 95 97
86 139 98
86 294 97
86 352 97
86 358 97
87 195 100
87 212 100
87 419 100
88 174 93
88 235 99
88 255 99
88 405 100
88 436 99
88 501 100
88 502 99
89 195 97
89 211 87
89 212 97
89 249 96
89 325 92
89 418 92
89 447 97
89 469 92
90 153 89
90 256 88
90 269 88
90 313 88
91 249 95
91 292 100
91 342 92
91 368 94
92 289 94
92 296 94
92 473 97
92 487 90
93 212 97
93 329 96
93 419 95
93 524 95
94 185 100
94 200 94
94 230 96
94 405 98
94 436 98
94 478 98
94 501 98
95 101 96
95 122 97
95 140 98
95 170 97
95 206 100
95 216 96
95 226 99
95 237 99
95 285 100
95 330 98
95 352 98
95 390 97
95 461 98
95 482 98
96 101 96
96 178 95
96 183 98
96 314 92
96 358 97
96 452 97
96 495 100
97 195 97
97 254 97
97 374 97
98 151 98
98 212 100
98 242 97
98 292 100
98 342 97
98 473 100
99 327 97
99 401 97
99 433 97
99 498 89
99 500 97
100 171 94
100 287 91
100 384 91
100 400 87
100 404 91
100 442 97
100 509 90
101 170 97
101 285 96
101 389 96
101 531 92
102 139 97
102 226 97
102 244 97
102 457 97
102 461 97
103 156 100
103 231 97
103 339 97
103 384 98
104 106 94
104 170 95
104 187 98
104 244 98
104 366 98
104 457 100
105 134 98
105 183 100
105 205 100
105 268 97
105 365 91
105 396 100
105 434 98
105 494 96
105 495 98
105 512 93
106 244 96
106 262 94
106 311 95
106 372 88
106 457 94
106 531 93
107 217 93
107 339 93
107 384 95
107 403 93
107 522 93
108 156 92
108 183 92
108 206 90
108 376 93
108 422 91
109 149 95
109 166 97
109 192 97
109 292 97
110 179 97
110 254 97
110 356 97
110 473 100
110 520 98
111 241 96
111 279 96
111 299 97
111 426 97
111 500 95
112 113 94
112 191 90
112 201 96
112 292 100
112 293 98
112 380 98
112 381 97
112 387 98
113 129 93
113 423 94
113 462 94
114 256 100
114 258 100
114 279 100
114 299 100
114 355 100
114 426 100
114 437 96
115 277 96
115 331 94
115 382 96
115 385 96
115 425 92
115 485 96
115 509 93
116 156 96
116 183 92
116 231 92
116 384 95
116 491 91
117 210 100
117 260 99
117 346 100
117 450 100
117 519 100
118 128 100
118 150 100
118 182 95
118 361 98
118 473 100
118 474 100
118 523 100
119 294 98
119 330 96
119 457 96
120 156 94
120 183 91
120 231 93
120 384 93
121 179 98
121 209 97
121 274 98
121 318 98
121 520 99
122 237 97
122 244 97
122 358 97
122 452 100
123 192 84
123 202 82
123 243 86
123 410 83
123 414 85
124 183 92
124 253 88
124 364 96
124 384 97
124 404 94
124 424 92
124 441 90
125 262 87
125 294 91
125 341 86
125 522 86
126 159 95
126 206 95
126 294 95
126 372 88
126 416 95
127 212 98
127 238 98
127 249 98
127 351 99
127 442 97
128 148 99
128 197 96
128 221 97
128 236 95
128 251 93
128 373 99
128 433 97
128 443 100
128 520 100
129 136 92
129 154 89
129 212 97
129 368 95
129 374 95
129 380 95
129 399 95
129 410 89
130 212 92
130 379 90
130 399 92
130 447 91
131 182 95
131 246 100
131 249 100
131 289 100
131 342 98
131 374 100
131 477 97
131 484 96
131 505 95
131 517 93
132 206 98
132 216 96
132 226 98
132 294 100
132 314 92
132 332 97
132 457 99
132 480 98
132 481 98
132 530 96
132 534 98
133 143 93
133 246 92
133 282 93
134 156 100
134 217 97
134 457 98
135 156 98
135 206 97
135 231 95
135 372 88
135 376 97
135 384 96
136 192 92
136 202 92
136 380 92
136 430 93
137 162 97
137 191 88
137 202 95
137 292 98
137 324 89
137 387 98
137 447 97
138 206 97
138 390 97
138 454 95
138 481 98
139 237 98
139 285 98
139 352 98
140 156 100
140 231 100
140 352 98
140 432 99
141 280 88
141 354 90
141 370 94
141 431 87
141 451 84
142 256 98
142 279 99
142 299 99
142 377 98
142 409 98
143 156 97
143 165 89
143 211 91
143 234 88
143 282 100
143 317 88
143 364 95
143 400 91
143 404 95
143 441 87
144 212 97
144 319 97
144 322 95
144 328 98
144 374 98
144 515 97
145 151 98
145 319 98
145 374 97
145 379 94
145 473 98
145 487 89
146 213 94
146 283 85
146 301 92
146 388 94
146 524 97
147 195 100
147 363 94
147 430 93
147 477 93
148 160 98
148 209 99
148 263 100
148 327 99
148 346 99
148 417 100
148 513 100
148 520 100
148 523 100
148 528 99
149 192 97
149 204 95
149 232 95
149 368 95
150 263 100
150 373 100
150 391 100
150 445 100
150 473 100
150 474 100
151 163 96
151 215 95
151 238 98
151 302 96
151 321 98
151 328 98
152 183 100
152 231 100
152 384 100
152 452 100
152 496 96
153 280 94
153 306 98
153 308 97
153 359 96
153 369 95
153 426 100
153 435 98
153 456 98
154 229 86
154 337 88
154 380 87
154 408 88
154 525 87
155 177 96
155 271 94
155 288 98
155 328 100
155 335 98
155 360 100
155 382 98
155 483 92
155 486 96
155 524 100
156 159 98
156 164 98
156 168 94
156 194 85
156 198 98
156 205 100
156 211 89
156 217 100
156 222 100
156 228 100
156 237 100
156 268 100
156 275 97
156 282 97
156 300 93
156 311 98
156 320 89
156 326 95
156 339 98
156 341 98
156 343 100
156 364 100
156 365 98
156 366 100
156 375 98
156 378 98
156 396 100
156 398 89
156 402 98
156 403 100
156 424 97
156 429 100
156 439 91
156 454 97
156 457 100
156 459 98
156 465 96
156 472 98
156 489 94
156 490 97
156 491 92
156 512 97
156 522 98
157 276 98
157 361 98
157 380 99
157 408 100
157 462 98
157 525 92
158 233 92
158 312 92
158 377 93
158 395 94
158 409 92
158 493 87
159 244 97
159 396 98
159 457 96
160 281 98
160 373 98
160 520 98
161 294 98
161 434 96
161 496 98
161 522 98
162 270 97
162 278 97
162 321 97
162 397 97
162 406 94
163 319 95
163 387 95
163 392 95
163 418 93
163 447 97
164 183 98
164 231 97
164 366 97
164 457 98
165 282 89
165 384 87
165 404 90
165 428 88
166 239 100
166 270 100
166 290 100
166 357 97
166 397 100
166 466 100
166 497 94
167 212 100
167 247 97
167 254 98
167 259 99
167 277 98
167 284 97
167 468 98
167 473 100
167 526 99
168 183 93
168 218 94
168 262 93
168 376 94
169 172 89
169 246 90
169 334 92
169 345 93
169 359 90
170 187 97
170 193 90
170 262 97
171 438 87
171 449 88
171 486 87
172 251 88
172 308 89
172 359 89
172 433 88
173 192 94
173 264 95
173 359 95
173 385 94
174 185 96
174 235 94
174 436 96
174 501 93
175 306 96
175 345 96
175 370 96
175 426 97
175 456 100
176 206 98
176 231 100
176 275 96
176 294 100
176 422 97
176 457 99
177 188 95
177 335 98
177 388 95
178 183 91
178 193 88
178 326 93
178 424 92
178 428 89
178 452 94
179 182 95
179 292 100
179 406 93
179 415 96
179 520 98
180 262 97
180 336 97
180 378 96
180 432 98
180 457 100
181 239 98
181 270 99
181 319 100
181 340 97
181 394 96
181 397 100
181 466 100
181 473 100
181 479 99
182 473 97
182 520 94
183 205 99
183 207 100
183 228 98
183 294 100
183 341 99
183 343 99
183 366 99
183 378 98
183 396 99
183 416 99
183 424 96
183 434 100
183 439 87
183 457 100
183 470 94
183 496 98
183 504 92
183 521 78
184 236 98
184 269 96
184 313 96
184 361 97
184 473 97
185 200 100
185 230 96
185 333 99
185 405 99
185 436 100
185 478 99
185 501 100
185 502 99
186 241 96
186 327 96
186 427 97
186 476 94
186 500 97
187 231 100
187 432 99
187 457 100
188 232 98
188 257 97
188 309 95
188 335 96
188 468 96
189 239 91
189 243 91
189 254 91
189 319 91
189 388 95
190 262 96
190 294 98
190 367 95
190 389 95
191 289 90
191 293 90
192 224 95
192 232 98
192 243 93
192 266 98
192 284 98
192 360 98
192 385 98
192 431 93
192 440 100
192 448 97
192 464 98
192 468 98
192 485 94
193 234 92
193 439 86
194 195 85
194 384 84
194 516 85
195 213 100
195 227 100
195 245 100
195 252 100
195 261 100
195 271 100
195 288 100
195 289 100
195 293 100
195 298 97
195 303 100
195 315 97
195 319 100
195 321 100
195 340 100
195 344 97
195 347 100
195 348 100
195 363 100
195 371 97
195 380 100
195 386 100
195 418 97
195 419 100
195 420 97
195 446 90
195 451 100
195 453 97
195 460 100
195 462 100
195 468 97
195 484 97
195 503 97
195 516 100
196 204 95
196 303 95
196 374 96
196 518 96
197 221 96
197 269 98
197 310 97
197 318 98
198 231 97
198 384 98
198 398 92
198 404 94
198 411 87
198 512 95
199 212 97
199 359 95
199 380 95
199 387 94
199 447 100
200 230 100
200 436 92
200 478 100
201 380 96
201 423 96
201 462 96
202 212 100
202 232 97
202 243 95
202 246 98
202 248 93
202 278 99
202 322 98
202 324 93
202 337 96
202 371 96
202 380 99
202 387 100
202 414 94
202 423 97
202 440 97
202 525 92
203 260 99
203 263 100
203 265 100
203 272 100
203 310 99
203 312 99
203 421 96
203 437 97
203 475 99
204 292 98
204 374 100
204 430 98
204 473 98
204 507 95
204 524 98
205 231 100
205 429 98
205 457 99
206 220 86
206 330 98
206 332 98
206 365 90
206 372 91
206 375 95
206 471 98
207 231 100
207 384 98
207 434 98
207 452 97
208 280 94
208 354 95
208 370 96
208 456 97
209 240 93
209 313 97
209 349 97
209 373 99
209 393 99
209 426 100
210 240 93
210 310 99
210 313 97
210 346 100
210 349 97
210 450 100
210 474 100
210 511 99
210 513 100
211 234 89
211 282 91
212 213 100
212 248 91
212 259 100
212 264 100
212 293 100
212 295 95
212 298 97
212 301 97
212 325 95
212 329 100
212 337 94
212 340 97
212 342 97
212 348 98
212 350 100
212 380 100
212 381 97
212 382 100
212 386 100
212 392 97
212 419 100
212 423 97
212 440 97
212 466 100
212 516 100
212 518 100
213 292 100
214 351 100
214 466 100
214 473 100
214 488 97
215 319 96
215 473 100
216 226 97
216 294 96
216 452 97
217 339 98
217 384 100
217 457 99
217 495 99
218 262 90
218 320 94
218 424 90
219 292 95
219 305 92
219 412 93
220 222 85
220 294 89
220 311 84
221 273 98
221 310 97
221 318 97
221 523 97
222 311 97
222 343 97
222 366 97
222 495 96
223 292 100
223 351 100
223 466 100
223 473 100
224 246 95
224 250 95
224 385 94
224 431 91
224 440 95
225 294 97
225 300 88
225 338 100
225 352 96
225 454 94
226 285 98
226 457 99
226 461 98
226 534 97
227 238 99
227 321 99
227 473 100
228 231 97
228 384 98
229 413 85
229 424 86
229 463 83
229 491 90
229 521 80
229 531 86
230 478 99
230 501 95
231 237 100
231 268 100
231 287 97
231 323 91
231 341 100
231 343 100
231 364 97
231 366 100
231 375 98
231 378 100
231 402 97
231 403 100
231 429 98
231 457 100
231 458 90
231 459 98
231 472 97
231 494 97
231 522 100
232 385 96
232 464 95
233 258 100
233 272 100
233 279 100
233 286 100
233 356 100
233 407 96
233 437 96
233 467 99
234 282 88
234 424 90
234 439 87
235 333 99
235 405 99
235 436 99
235 501 99
236 269 95
236 313 94
236 473 97
237 262 98
237 390 98
237 432 99
237 457 99
237 465 95
237 490 98
238 261 99
238 292 100
238 321 100
238 351 100
238 451 96
238 473 100
238 479 98
238 524 100
239 292 100
240 334 94
240 359 93
240 456 93
241 263 100
241 299 100
241 334 97
241 409 100
241 426 100
241 427 100
241 444 98
241 476 93
241 500 99
242 249 98
242 291 98
242 292 100
242 449 94
243 408 94
243 414 95
243 448 94
244 314 92
244 452 97
244 457 100
244 461 97
244 482 97
245 261 98
245 292 97
245 319 99
245 473 100
246 474 98
246 506 94
247 342 95
247 350 94
247 468 95
247 493 84
248 297 91
248 344 94
248 447 97
249 264 98
249 325 92
249 394 96
249 397 100
249 438 96
249 449 94
249 451 97
249 466 100
249 469 95
249 479 99
249 488 100
249 524 100
249 527 93
250 291 98
250 331 93
250 368 98
250 385 97
250 431 93
251 308 96
251 395 91
251 433 92
252 254 98
252 292 100
252 368 99
253 257 88
253 297 87
253 317 91
253 463 87
254 274 98
254 316 98
254 415 97
254 453 97
254 488 97
255 405 99
255 436 98
255 501 100
255 502 98
256 265 100
256 279 100
256 299 100
256 356 100
256 383 94
256 409 100
256 437 97
256 467 99
257 292 100
257 357 94
257 388 100
257 410 83
257 473 100
257 509 95
258 265 100
258 279 100
258 356 100
258 409 100
258 427 100
258 473 100
258 500 98
259 291 98
259 361 98
259 380 99
259 414 93
260 265 99
260 272 99
260 286 98
260 377 99
261 319 100
261 374 98
261 394 96
261 430 98
261 515 98
262 311 99
262 330 97
262 332 97
262 336 97
262 365 91
262 457 99
262 470 94
262 531 93
263 307 100
263 401 100
263 409 100
263 417 100
263 477 94
263 513 100
263 532 100
264 292 100
264 322 97
264 361 98
264 507 95
264 515 100
265 272 100
265 299 100
265 312 99
265 316 98
265 356 100
265 409 100
265 467 99
266 267 98
266 276 97
266 296 98
266 368 97
267 292 100
267 296 98
267 360 99
267 368 100
267 374 98
267 503 97
268 384 98
269 313 96
269 318 96
269 473 97
270 290 99
270 292 100
271 388 94
272 299 100
272 377 100
272 409 100
272 426 100
272 475 99
272 510 99
273 307 100
273 426 100
273 443 100
273 523 100
273 532 100
274 318 98
274 401 98
274 415 96
274 520 99
275 432 97
275 457 100
276 319 98
276 374 98
276 387 97
276 477 97
277 351 98
277 371 97
277 425 96
277 526 98
278 291 99
278 292 97
278 324 90
278 387 98
279 299 100
279 356 100
279 377 100
279 409 100
279 473 100
280 354 97
280 370 96
280 426 95
280 456 97
281 356 99
281 443 99
281 520 100
282 317 88
282 326 91
282 364 95
282 400 91
282 404 95
282 411 85
282 441 87
283 292 87
283 331 86
283 362 86
283 497 85
284 319 96
284 351 98
284 473 100
285 294 100
285 352 98
285 481 98
286 427 99
287 323 90
287 378 95
287 384 94
287 486 94
288 291 99
288 388 98
289 331 94
289 380 99
289 392 95
289 419 98
289 460 96
289 497 97
290 292 100
290 351 100
290 394 96
290 466 100
290 473 100
291 303 100
291 315 98
291 335 97
291 360 99
291 368 100
291 438 96
291 462 99
291 484 96
292 298 97
292 303 100
292 335 100
292 342 98
292 360 100
292 382 100
292 397 100
292 414 97
292 466 100
292 468 100
292 493 85
292 529 95
292 533 100
293 374 99
293 380 99
293 381 95
293 423 98
293 462 98
294 311 98
294 330 98
294 338 97
294 339 98
294 352 100
294 367 98
294 389 98
294 428 90
294 465 96
294 471 98
294 481 100
294 482 98
294 495 100
294 530 98
295 380 94
295 388 95
296 303 98
296 304 93
296 322 97
296 328 98
296 329 98
296 368 100
296 518 98
297 379 91
297 460 88
297 469 91
297 483 91
298 473 97
299 409 100
299 426 100
299 427 100
300 338 89
301 321 97
301 351 97
301 362 96
301 388 97
302 427 94
302 473 95
302 520 95
303 363 95
303 368 100
303 374 100
303 386 99
303 514 99
303 518 99
304 351 92
304 448 93
305 412 100
305 413 86
305 517 95
306 435 100
306 447 97
306 456 100
307 393 100
307 426 100
307 443 100
307 510 99
307 520 100
307 523 100
307 532 100
308 369 96
308 383 96
308 406 92
308 444 98
308 476 96
308 498 90
308 532 98
309 368 95
309 387 98
309 529 95
310 313 97
310 318 99
310 473 100
310 523 99
311 330 98
311 341 98
311 367 97
311 402 97
311 457 99
311 489 92
312 377 100
312 426 100
313 355 98
313 473 97
314 396 92
314 452 97
315 520 97
316 406 93
316 415 96
316 427 98
316 474 99
316 520 98
317 379 90
317 418 89
317 441 87
318 355 100
318 426 100
318 523 99
319 344 99
319 473 100
319 485 96
319 509 100
320 384 93
320 404 89
320 424 93
321 473 100
322 380 96
323 384 93
324 387 94
324 400 88
324 525 92
325 503 91
326 384 96
327 401 99
327 427 99
327 444 98
327 500 98
327 520 100
328 329 97
328 379 93
328 527 94
329 419 97
329 473 97
330 367 98
331 362 93
331 388 93
332 338 96
333 405 98
333 436 99
333 501 99
334 355 97
334 383 95
334 391 97
334 395 99
334 426 100
334 508 90
336 396 97
336 432 98
336 457 98
337 380 95
337 423 95
338 454 94
339 384 98
339 496 98
340 382 97
340 515 98
342 387 98
343 432 98
343 496 97
344 362 96
344 473 97
344 486 95
345 359 96
345 370 96
345 431 91
345 447 100
345 456 100
345 473 100
346 450 100
347 351 99
347 442 97
347 466 99
347 473 100
348 368 99
348 388 98
349 474 98
349 523 97
350 361 98
350 380 99
350 419 100
350 425 92
350 525 92
351 394 96
351 397 100
351 438 98
351 466 100
351 473 100
351 524 100
352 481 98
353 463 75
354 426 97
354 456 95
355 383 97
355 395 98
355 406 95
355 421 98
355 456 100
355 475 99
355 476 96
355 493 84
355 519 100
355 523 100
355 528 100
356 427 100
357 442 94
358 432 99
358 434 99
358 480 97
358 482 100
359 421 96
359 431 93
359 435 96
360 507 95
360 533 98
362 388 95
362 460 95
363 388 96
363 430 96
364 384 100
365 384 91
366 422 97
367 389 98
367 416 98
367 471 96
368 374 100
368 486 95
368 505 95
368 514 100
368 529 95
368 533 97
369 435 97
369 447 97
369 456 98
370 426 97
370 447 97
370 456 100
371 473 97
373 393 100
373 426 100
373 528 99
374 386 100
374 399 98
374 423 98
374 503 100
374 516 95
374 524 100
375 376 97
375 465 95
376 458 94
376 459 97
376 472 97
377 407 97
377 427 100
377 475 99
377 510 99
378 457 98
379 447 93
379 473 94
379 527 94
380 381 97
380 385 98
380 392 96
380 399 96
380 408 94
382 442 97
382 515 100
383 475 92
384 403 98
384 404 98
384 411 88
384 424 95
384 446 92
384 458 93
384 459 100
384 465 96
384 470 93
384 472 100
384 489 93
384 491 96
384 492 89
384 494 100
384 504 93
384 512 100
384 522 100
385 440 100
385 448 98
385 464 96
385 527 93
385 533 98
386 514 99
387 420 95
387 423 100
387 462 98
387 477 97
387 484 98
387 506 94
387 517 98
388 397 98
388 398 91
388 460 96
388 469 90
388 483 91
388 486 95
388 492 89
388 505 95
389 416 99
389 434 99
390 457 99
391 395 96
391 426 100
391 445 100
391 513 100
391 523 100
392 419 96
392 497 94
393 426 100
393 473 100
393 513 100
395 426 100
395 513 96
396 429 97
396 457 100
397 449 96
397 473 100
397 479 97
398 455 91
398 516 89
401 511 99
401 513 100
401 520 100
401 523 100
402 457 99
403 457 100
404 446 89
404 455 91
404 459 96
404 492 89
404 499 97
405 436 99
405 478 97
405 501 100
405 502 99
407 427 96
407 445 96
407 523 97
408 423 94
408 448 94
410 413 88
411 512 89
412 517 94
413 439 85
413 521 78
415 474 98
416 434 100
416 452 97
416 457 99
417 426 100
417 511 99
418 473 93
419 425 93
419 473 100
420 447 97
420 473 95
421 426 97
421 475 97
421 498 90
422 458 91
422 459 97
422 470 93
422 472 97
424 428 91
424 439 91
424 455 100
424 463 87
424 531 93
426 435 100
426 445 100
426 456 100
426 475 100
426 493 85
426 532 100
427 444 99
427 473 100
427 500 99
427 510 99
428 455 90
430 446 92
430 483 91
430 492 90
430 503 97
432 495 99
433 498 91
433 520 97
433 528 99
434 504 91
435 456 100
435 532 99
436 501 100
437 473 97
438 473 97
440 464 97
441 499 89
443 511 100
443 532 100
444 500 98
445 513 100
445 523 100
446 499 94
447 527 97
448 464 96
448 468 100
449 451 94
451 473 100
451 515 96
453 473 100
453 526 98
457 461 98
457 480 99
457 490 97
457 530 98
457 534 99
459 499 91
462 484 95
462 518 98
462 529 95
463 509 85
463 521 79
463 531 85
466 473 100
466 488 96
466 515 100
467 508 89
467 519 100
467 520 98
470 495 93
471 482 96
473 474 100
473 479 97
473 485 100
473 498 89
473 506 100
473 508 94
473 513 100
473 518 100
473 523 100
473 526 100
473 532 100
474 523 100
476 500 95
483 516 90
487 497 89
492 516 89
493 521 79
494 499 94
495 504 91
499 516 95
501 502 99
503 524 98
508 510 89
510 520 100
511 523 99
513 520 100
513 523 100
514 518 98
515 524 100
516 524 96
519 520 100
520 532 100
525 529 92
530 534 97
